  1095.11     4.38  0.03   0.000  0.010    0.076( 0.001)   0.006( 0.002)
  1103.64     5.26  0.01   0.000  0.010    0.091( 0.001)   0.008( 0.002)
  1118.00     6.41  0.04   0.000  0.010    0.111( 0.001)   0.012( 0.002)
  1133.83     7.61  0.04   0.000  0.010    0.131( 0.001)   0.018( 0.002)
  1153.52     8.11  0.11   0.000  0.010    0.140( 0.002)   0.020( 0.002)
  1171.28     8.43  0.20   0.000  0.010    0.145( 0.004)   0.021( 0.003)
  1180.85     7.72  0.60   0.000  0.010    0.133( 0.010)   0.018( 0.004)
  1195.07     9.65  0.12   0.000  0.010    0.165( 0.002)   0.028( 0.002)
  1216.86    10.61  0.18   0.000  0.010    0.181( 0.003)   0.034( 0.003)
  1234.46    11.19  0.50   0.001  0.010    0.190( 0.008)   0.038( 0.004)
  1252.57    10.80  0.30   0.003  0.010    0.184( 0.005)   0.036( 0.003)
  1268.20    11.57  0.24   0.004  0.010    0.196( 0.004)   0.041( 0.003)
  1288.75    11.13  0.29   0.006  0.010    0.189( 0.005)   0.039( 0.003)
  1307.54    11.31  0.22   0.008  0.010    0.191( 0.004)   0.040( 0.003)
  1319.69    11.44  0.53   0.010  0.010    0.193( 0.008)   0.042( 0.004)
  1337.34    13.18  1.08   0.014  0.010    0.220( 0.017)   0.055( 0.009)
  1349.91    12.50  0.51   0.017  0.010    0.210( 0.008)   0.051( 0.004)
  1376.07    14.99  0.59   0.026  0.010    0.247( 0.009)   0.073( 0.005)
  1399.73    17.18  0.47   0.038  0.010    0.277( 0.007)   0.095( 0.005)
  1426.29    19.18  0.44   0.033  0.030    0.305( 0.008)   0.115( 0.008)
  1449.13    21.76  0.55   0.079  0.032    0.330( 0.009)   0.152( 0.009)
  1462.02    24.68  1.35   0.083  0.064    0.363( 0.019)   0.188( 0.020)
  1471.62    26.75  0.99   0.112  0.034    0.379( 0.012)   0.220( 0.014)
  1487.47    34.28  0.84   0.282  0.026    0.394( 0.008)   0.345( 0.012)
  1500.04    38.17  1.62   0.602  0.022    0.307( 0.009)   0.426( 0.017)
  1512.49    44.77  2.06   0.735  0.022    0.257( 0.011)   0.498( 0.019)
  1527.92    32.44  4.44   0.925  0.025    0.124( 0.023)   0.442( 0.022)
  1549.27    13.23  3.20   0.926  0.021    0.061( 0.016)   0.378( 0.019)
  1585.19    18.82  1.37   0.775  0.022    0.145( 0.011)   0.312( 0.012)
  1599.92    24.32  1.26   0.686  0.027    0.210( 0.012)   0.315( 0.012)
  1611.60    22.20  1.83   0.801  0.029    0.156( 0.015)   0.341( 0.015)
  1621.47    31.66  2.93   0.680  0.066    0.253( 0.029)   0.373( 0.029)
  1631.85    40.81  1.06   0.692  0.022    0.275( 0.010)   0.460( 0.010)
  1643.31    53.36  2.85   0.670  0.059    0.275( 0.026)   0.583( 0.028)
  1674.42    78.20  1.62   0.700  0.024    0.110( 0.015)   0.751( 0.012)
  1682.80    82.74  2.76   0.687  0.043    0.070( 0.027)   0.771( 0.020)
  1688.37    82.11  2.60   0.756  0.026    0.067( 0.022)   0.738( 0.014)
  1704.96   101.70  2.74   0.727  0.038   -0.104( 0.024)   0.740( 0.019)
  1721.39   108.62  3.03   0.792  0.035   -0.138( 0.022)   0.682( 0.021)
  1743.06   107.89  3.61   0.827  0.030   -0.122( 0.024)   0.669( 0.021)
  1759.13   116.62  3.05   0.785  0.045   -0.186( 0.024)   0.639( 0.025)
  1767.11   114.44  3.40   0.841  0.036   -0.150( 0.023)   0.631( 0.023)
  1782.97   114.11  3.71   0.803  0.051   -0.166( 0.029)   0.648( 0.029)
  1796.08   114.20  3.70   0.821  0.045   -0.158( 0.027)   0.640( 0.027)
  1822.01   118.59  2.73   0.775  0.041   -0.199( 0.022)   0.629( 0.022)
  1837.39   125.34  3.22   0.861  0.036   -0.176( 0.024)   0.562( 0.021)
  1852.65   125.29  3.01   0.823  0.042   -0.198( 0.025)   0.570( 0.022)
  1870.29   122.76  3.00   0.761  0.052   -0.222( 0.026)   0.601( 0.026)
  1907.54   117.91  3.07   0.861  0.027   -0.154( 0.019)   0.605( 0.019)
  1931.98   125.00  2.49   0.811  0.032   -0.204( 0.018)   0.574( 0.019)
  1946.50   122.03  3.71   0.830  0.041   -0.185( 0.025)   0.590( 0.026)
  1975.21   134.76  1.72   0.833  0.025   -0.204( 0.015)   0.502( 0.012)
  1984.68   126.96  2.58   0.868  0.028   -0.175( 0.019)   0.550( 0.017)
  2026.78   126.08  3.01   0.896  0.024   -0.153( 0.018)   0.549( 0.017)
  2038.32   133.10  2.29   0.903  0.022   -0.155( 0.018)   0.510( 0.012)
  2068.03   131.85  1.92   0.876  0.021   -0.175( 0.015)   0.519( 0.012)
  2095.07   127.74  5.19   0.941  0.024   -0.118( 0.025)   0.530( 0.022)
  2110.69   124.90  3.12   0.911  0.024   -0.140( 0.020)   0.552( 0.017)
  2148.14   133.12  2.11   0.941  0.014   -0.121( 0.014)   0.508( 0.009)
  2161.21   137.96  4.16   0.942  0.023   -0.120( 0.024)   0.488( 0.018)
  2187.10   126.99  3.92   0.962  0.014   -0.094( 0.018)   0.527( 0.014)
  2204.19   120.47  6.83   0.956  0.023   -0.092( 0.027)   0.551( 0.026)
  2227.48   129.71  2.57   0.906  0.025   -0.151( 0.020)   0.528( 0.014)
  2248.44   132.41  4.18   0.980  0.013   -0.070( 0.023)   0.506( 0.010)
  2269.21   139.43  3.69   0.971  0.011   -0.084( 0.016)   0.487( 0.011)
  2289.79   137.45  4.63   0.927  0.030   -0.135( 0.028)   0.488( 0.022)
  2310.19   134.75  1.54   0.807  0.038   -0.220( 0.022)   0.502( 0.012)
  2330.41   149.56  4.28   0.934  0.023   -0.112( 0.022)   0.437( 0.020)
  2350.45   149.80  3.39   0.913  0.026   -0.128( 0.021)   0.427( 0.019)
  2370.33   142.84  4.53   0.911  0.027   -0.144( 0.023)   0.460( 0.024)
  2390.04   138.54  2.00   0.754  0.047   -0.246( 0.024)   0.469( 0.017)
  2409.58   143.63  3.48   0.850  0.046   -0.185( 0.029)   0.443( 0.024)
  2428.98   142.91  3.18   0.789  0.056   -0.221( 0.030)   0.437( 0.026)
  2448.21   142.26  3.36   0.853  0.034   -0.186( 0.022)   0.452( 0.022)
  2476.79   149.88  1.53   0.759  0.029   -0.213( 0.014)   0.378( 0.014)